#       s         ue          H          P         K         x    -m du/dx
      0.0064     0.0694     2.2295   0.000000   0.000000      0.052 -0.154558E-03
      0.0124     0.1447     2.2072   0.000002   0.000000      0.046 -0.313589E-03
      0.0179     0.2250     2.2230   0.000003   0.000001      0.041 -0.538052E-03
      0.0229     0.3104     2.2010   0.000006   0.000002      0.036 -0.798738E-03
      0.0276     0.4019     2.2064   0.000010   0.000003      0.032 -0.112837E-02
      0.0319     0.4999     2.1953   0.000014   0.000006      0.028 -0.151467E-02
      0.0359     0.6054     2.1941   0.000019   0.000010      0.024 -0.198814E-02
      0.0396     0.7192     2.1884   0.000026   0.000015      0.021 -0.254696E-02
      0.0431     0.8420     2.1855   0.000033   0.000023      0.018 -0.321329E-02
      0.0464     0.9748     2.1822   0.000042   0.000033      0.015 -0.399218E-02
      0.0496     1.1180     2.1801   0.000052   0.000047      0.013 -0.489304E-02
      0.0525     1.2719     2.1790   0.000063   0.000065      0.010 -0.591075E-02
      0.0554     1.4362     2.1793   0.000076   0.000089      0.008 -0.702596E-02
      0.0581     1.6095     2.1813   0.000091   0.000119      0.007 -0.819320E-02
      0.0607     1.7892     2.1856   0.000107   0.000157      0.005 -0.933510E-02
      0.0632     1.9714     2.1927   0.000126   0.000202      0.004 -0.103407E-01
      0.0656     2.1506     2.2032   0.000147   0.000257      0.002 -0.110775E-01
      0.0679     2.3203     2.2175   0.000169   0.000319      0.001 -0.114208E-01
      0.0702     2.4744     2.2358   0.000193   0.000387      0.001 -0.112953E-01
      0.0724     2.6084     2.2579   0.000219   0.000461      0.000 -0.107130E-01
      0.0745     2.7200     2.2826   0.000245   0.000536      0.000 -0.983928E-02
      0.0766     2.8107     2.3058   0.000271   0.000612      0.000 -0.890637E-02
      0.0787     2.8875     2.3245   0.000297   0.000689      0.000 -0.767128E-02
      0.0808     2.9475     2.3591   0.000325   0.000767      0.000 -0.589554E-02
      0.0831     2.9873     2.4077   0.000354   0.000845      0.001 -0.373093E-02
      0.0854     3.0069     2.4695   0.000385   0.000920      0.002 -0.139503E-02
      0.0878     3.0081     2.5466   0.000417   0.000990      0.002  0.952960E-03
      0.0903     2.9937     2.6429   0.000449   0.001056      0.004  0.318887E-02
      0.0929     2.9671     2.7652   0.000482   0.001116      0.005  0.521287E-02
      0.0956     2.9320     2.9251   0.000515   0.001170      0.006  0.690985E-02
      0.0984     2.8923     3.1397   0.000548   0.001220      0.008  0.809972E-02
      0.1014     2.8525     3.4258   0.000579   0.001266      0.010  0.860272E-02
      0.1046     2.8163     3.7721   0.000608   0.001310      0.012  0.850807E-02
      0.1079     2.7847     4.0784   0.000636   0.001352      0.015  0.816544E-02
      0.1115     2.7560     4.1279   0.000662   0.001393      0.017  0.205646E-01
      0.1152     2.6328     2.6385   0.000776   0.001593      0.020  0.203198E-01
      0.1193     2.5519     1.8709   0.000859   0.001823      0.023  0.985936E-02
      0.1236     2.5017     1.6027   0.000935   0.002020      0.027  0.639470E-02
      0.1283     2.4557     1.5106   0.001023   0.002202      0.031  0.599451E-02
      0.1333     2.4091     1.4826   0.001121   0.002373      0.035  0.615624E-02
      0.1388     2.3617     1.4785   0.001224   0.002538      0.040  0.635981E-02
      0.1448     2.3140     1.4836   0.001331   0.002698      0.045  0.651102E-02
      0.1513     2.2664     1.4919   0.001444   0.002856      0.051  0.660468E-02
      0.1585     2.2191     1.5009   0.001561   0.003013      0.058  0.665015E-02
      0.1663     2.1721     1.5094   0.001682   0.003170      0.065  0.665925E-02
      0.1748     2.1257     1.5168   0.001809   0.003327      0.073  0.664280E-02
      0.1842     2.0798     1.5230   0.001942   0.003485      0.082  0.661176E-02
      0.1944     2.0346     1.5281   0.002080   0.003643      0.092  0.657719E-02
      0.2055     1.9903     1.5323   0.002222   0.003802      0.102  0.654901E-02
      0.2173     1.9470     1.5359   0.002370   0.003959      0.114  0.653699E-02
      0.2299     1.9048     1.5393   0.002521   0.004115      0.126  0.654950E-02
      0.2432     1.8637     1.5429   0.002676   0.004267      0.139  0.659389E-02
      0.2571     1.8238     1.5469   0.002834   0.004415      0.153  0.667679E-02
      0.2716     1.7850     1.5518   0.002994   0.004558      0.167  0.680446E-02
      0.2864     1.7472     1.5578   0.003157   0.004696      0.182  0.698346E-02
      0.3017     1.7103     1.5653   0.003322   0.004828      0.197  0.722158E-02
      0.3172     1.6741     1.5746   0.003491   0.004954      0.212  0.752885E-02
      0.3330     1.6384     1.5862   0.003664   0.005074      0.228  0.791880E-02
      0.3491     1.6030     1.6007   0.003842   0.005189      0.244  0.840980E-02
      0.3653     1.5677     1.6187   0.004027   0.005298      0.260  0.902660E-02
      0.3817     1.5322     1.6415   0.004221   0.005403      0.276  0.980159E-02
      0.3983     1.4962     1.6706   0.004427   0.005502      0.293  0.107744E-01
      0.4150     1.4597     1.7083   0.004649   0.005598      0.310  0.119870E-01
      0.4318     1.4223     1.7578   0.004891   0.005690      0.326  0.134672E-01
      0.4487     1.3844     1.8243   0.005158   0.005779      0.343  0.151926E-01
      0.4658     1.3462     1.9148   0.005454   0.005867      0.360  0.170214E-01
      0.4831     1.3091     2.0396   0.005780   0.005955      0.378  0.186057E-01
      0.5004     1.2748     2.2132   0.006127   0.006044      0.395  0.192712E-01
      0.5180     1.2458     2.4539   0.006471   0.006138      0.413  0.180640E-01
      0.5357     1.2248     2.7807   0.006770   0.006239      0.430  0.133808E-01
      0.5535     1.2149     3.2490   0.006940   0.006350      0.448  0.633614E-02
      0.5715     1.2126     3.8571   0.006987   0.006474      0.466  0.434266E-02
      0.5895     1.2078     4.4529   0.007101   0.006616      0.484  0.732792E-02
      0.6076     1.2024     5.0363   0.007253   0.006775      0.502  0.911215E-02
      0.6258     1.1969     5.6030   0.007432   0.006953      0.520  0.104777E-01
      0.6440     1.1915     6.1474   0.007634   0.007149      0.538  0.116831E-01
      0.6623     1.1861     6.6651   0.007858   0.007363      0.556  0.127987E-01
      0.6806     1.1809     7.1528   0.008102   0.007594      0.575  0.138421E-01
      0.6990     1.1758     7.6088   0.008365   0.007841      0.593  0.148161E-01
      0.7173     1.1708     8.0324   0.008646   0.008102      0.611  0.157207E-01
      0.7358     1.1660     8.4241   0.008943   0.008378      0.629  0.165576E-01
      0.7542     1.1614     8.7849   0.009255   0.008666      0.648  0.173348E-01
      0.7727     1.1569     9.1159   0.009582   0.008965      0.666  0.180633E-01
      0.7912     1.1525     9.4186   0.009923   0.009276      0.684  0.187485E-01
      0.8097     1.1483     9.6946   0.010276   0.009596      0.702  0.193902E-01
      0.8282     1.1442     9.9456   0.010640   0.009925      0.721  0.199872E-01
      0.8468     1.1403    10.1735   0.011016   0.010263      0.739  0.205397E-01
      0.8653     1.1365    10.3801   0.011401   0.010608      0.757  0.210486E-01
      0.8839     1.1328    10.5671   0.011796   0.010959      0.776  0.215157E-01
      0.9024     1.1292    10.7363   0.012199   0.011317      0.794  0.219433E-01
      0.9209     1.1258    10.8890   0.012609   0.011679      0.812  0.223341E-01
      0.9394     1.1225    11.0267   0.013025   0.012046      0.830  0.226908E-01
      0.9579     1.1192    11.1503   0.013447   0.012415      0.848  0.230164E-01
      0.9763     1.1161    11.2608   0.013872   0.012787      0.866  0.233139E-01
      0.9945     1.1132    11.3589   0.014299   0.013158      0.884  0.235862E-01
      1.0124     1.1103    11.4450   0.014725   0.013528      0.902  0.238364E-01
      1.0300     1.1076    11.5192   0.015145   0.013891      0.919  0.240670E-01
      1.0470     1.1050    11.5815   0.015555   0.014244      0.936  0.242807E-01
      1.0631     1.1026    11.6317   0.015948   0.014580      0.951  0.244798E-01
      1.0781     1.1005    11.6699   0.016315   0.014894      0.966  0.246664E-01
      1.0917     1.0986    11.6966   0.016652   0.015179      0.979  0.248555E-01
      1.1038     1.0969    11.7108   0.016953   0.015433      0.991  0.250731E-01
      1.1131     1.0956    11.7136   0.017186   0.015629      1.000  0.253127E-01
